93 100 100 93 93 93 87 87 93 87 87 87 87 87 87 81 81 81 81 81 81 81 87 87
93 93 100 100 93 100 100 100 94 94 88 82 82 77 72 72 77 82 82 82 82 76 76 71
76 76 76 76 76 82 82 87 87 87 93 87 93 93 76 71 66 71 71 76 76 76 76 81
81 81 87 93 87 93 93 93 100 93 87 82 87 87 93 93 93 87 87 87 87 93 87 87
87 87 93 93 93 93 93 93 87 87 76 71 71 62 62 62 66 71 76 81 87 93 93 93
81 87 87 93 93 100 93 93 93 93 87 87 87 81 81 81 93 93 93 93 87 93 87 93
93 87 87 87 87 81 81 87 93 87 87 93 81 81 81 81 87 80 80 75 75 75 75 75
75 75 86 86 86 86 80 80 80 86 80 75 75 75 75 80 75 80 80 86 86 86 86 86
86 86 86 80 80 80 80 86 86 93 80 86 75 75 80 80 80 80 75 70 70 80 75 75
75 80 75 69 69 69 75 69 75 69 70 70 70 65 56 56 48 56 60 64 64 75 75 86
86 86 86 93 93 93 93 93 86 80 75 69 64 64 64 64 64 69 64 64 64 64 69 64
75 75 75 75 69 69 69 75 69 56 56 56 60 60 60 60 60 60 60 60 60 64 60 60
69 69 69 69 69 69 69 69 64 59 55 51 44 44 44 41 41 48 51 55 48 48 48 48
48 48 52 56 56 56 56 56 60 56 56 56 56 52 52 52 52 52 61 61 65 70 75 81
81 87 87 93 87 87 93 87 93 87 93 87 88 82 72 67 71 71 76 82 87 87 94 94
87 87 82 76 76 76 76 76 82 87 87 87 87 87 82 82 82 87 87 82 82 87 87 82
82 82 82 82 87 82 82 82 87 87 87 82 82 77 82 88 82 82 82 76 76 71 71 71
71 71 66 71 76 76 82 76 71 71 82 82 76 66 62 54 57 62 61 66 71 71 81 76
81 81 87 87 87 87 87 81 76 76 76 71 76 71 71 76 71 76 76 71 76 82 82 72
67 67 67 67 67 72 72 72 67 67 63 59 55 51 48 48 48 51 51 51 48 55 59 59
63 67 72 77 77 82 82 82 82 77 77 77 72 63 63 63 67 67 67 67 71 76 82 82
82 82 82 82 87 87 76 82 71 76 76 77 77 88 88 88 88 88 88 94 94 94 94 93
87 87 87 93 87 93 87 87 82 82 67 62 54 54 51 51 51 58 63 63 63 59 59 55
58 62 67 67 67 67 72 67 58 51 55 63 63 59 59 63 63 67 63 67 67 67 67 67
63 63 63 67 72 77 76 82 82 76 76 82 82 71 62 51 50 50 54 58 62 66 57 66
66 70 76 76 76 76 87 87 81 71 66 54 43 41 41 41 41 47 54 57 62 71 81 76
76 76 76 81 81 87 87 87 81 76 66 62 58 58 58 54 62 66 71 76 76 76 81 87
87 93 93 100 93 100 93 100 100 100 100 93 93 81 76 66 66 71 71 76 81 81 87 93
93 93 100 93 93 93 87 87 87 87 81 81 76 76 76 76 81 87 87 87 87 87 81 81
81 81 87 87 87 87 87 87 93 93 87 87 87 81 81 76 76 81 81 87 87 93 93 93
93 100 100 93 100 100 100 100 100 100 100 100 93 100 93 100 100 100 100 93 93 93 100 100
100 100 100 100 100 93 93 93 93 87 93 81 76 76 76 76 76 76 76 81 81 70 75 70
70 70 75 75 75 75 81 81 75 70 53 53 49 49 53 57 49 53 49 61 57 65 70 75
75 81 81 81 81 81 81 81 81 75 65 65 57 61 70 57 61 61 61 70 75 75 81 81
81 87 87 87 81 81 65 60 56 52 52 52 56 52 53 49 49 53 57 61 75 70 75 70
70 75 75 75 75 75 75 75 75 70 66 66 62 62 57 57 54 57 54 62 62 57 66 70
70 70 76 66 66 70 70 81 76 66 62 54 50 47 41 41 47 50 47 54 62 66 71 71
76 76 81 81 71 76 71 76 76 81 76 81 81 87 87 87 82 82 87 87 87 88 88 82
77 88 67 71 62 62 62 62 62 62 58 58 58 71 47 71 66 66 62 66 66 70 70 70
81 81 76 76 76 71 76 76 76 81 76 66 54 58 58 50 54 57 66 71 71 76 81 87
87 93 76 81 76 70 70 76 71 62 57 57 50 47 50 57 50 53 61 65 70 70 70 76
70 76 81 76 81 76 76 71 76 71 66 58 54 54 54 54 62 66 66 76 81 76 82 82
76 76 71 71 71 71 76 76 71 66 66 87 81 66 71 71 66 71 71 76 76 66 62 71
76 76 76 81 76 76 81 87 82 87 82 72 77 77 72 77 72 72 66 66 71 71 71 66
71 76 76 81 81 81 81 81 76 71 71 66 71 81 76 66 66 62 71 71 76 81 81 81
87 87 87 87 87 81 81 76 76 76 71 81 76 76 76 81 81 87 93 87 87 93 93 87
87 93 93 87 87 81 81 81 76 76 62 54 54 47 50 47 50 62 61 61 70 70 76 76
76 87 87 81 76 76 76 76 81 76 71 76 71 76 76 76 71 71 66 71 71 76 76 76
81 81 81 76 81 87 87 81 81 71 66 62 58 58 58 54 54 62 57 57 66 71 76 76
76 76 76 76 76 76 71 76 71 66 62 58 54 51 51 48 44 51 54 62 76 76 76 81
81 81 87 87 87 87 87 87 76 66 62 58 62 58 58 51 51 54 62 66 71 71 71 76
81 81 81 81 87 87 93 87 81 71 67 62 62 67 63 63 63 67 67 71 71 82 82 87
82 81 81 81 87 87 87 76 71 62 71 67 67 76 82 82 76 76 82 82 82 82 87 82
82 82 82 82 76 76 76 76 76 71 71 71 63 82 87 76 66 66 71 76 76 76 70 70
81 81 76 76 75 75 75 76 66 57 54 47 44 44 47 47 50 54 62 62 71 71 76 76
76 76 71 71 66 71 71 71 67 71 67 72 72 72 72 72 72 72 71 71 76 76 76
72 77 77 77 77 82 82 87 82 82 76 71 67 63 58 59 72 67 71 71 71 76 76 70
76 70 70 66 66 61 66 66 66 66 61 61 61 57 57 54 57 62 62 61 57 57 62 71
76 81 81 81 70 66 66 66 66 61 61 61 57 57 57 57 54 54 57 57 57 57 61 66
66 66 66 70 70 70 70 70 70 70 66 62 58 51 47 44 42 39 41 44 47 47 54 62
66 66 71 71 71 76 76 49 46 65 61 56 53 42 29 25 25 25 27 29 29 33 39 45
49 52 56 56 65 70 70 70 65 61 49 42 36 36 31 34 29 39 45 45 65 56 70 70
70 70 70 65 75 75 75 75 65 52 45 45 45 42 42 46 39 39 39 46 46 49 49 49
53 57 57 57 57 57 61 57 57 49 46 50 50 47 47 47 51 54 54 58 62 66 66 66
66 71 71 71 76 76 81 81 71 66 62 58 54 47 41 41 41 44 62 66 66 71 71 76
76 81 81 81 81 81 76 76 76 71 71 66 66 66 57 71 71 66 61 57 57 57 61 61
65 65 70 75 75 75 81 81 75 65 53 49 46 43 37 37 40 40 66 70 65 65 65 75
70 81 75 81 81 87 87 81 81 81 81 70 61 53 43 40 37 34 32 32 37 40 49 49
53 56 60 60 65 65 65 65 57 46 37 40 38 38 38 38 54 58 58 62 66 71 61 57
61 66 66 66 66 66 66 66 57 62 50 43 37 38 37 40 54 54 54 57 61 66 66 70
66 70 75 81 75 81 81 75 70 66 57 53 53 54 54 62 66 66 62 66 66 76 76 81
81 81 87 87 87 93 93 87 81 76 61 46 46 40 40 38 44 47 40 46 53 61 70 70
61 65 65 75 75 81 81 75 70 53 43 37 35 41 38 41 41 41 43 43 46 53 61 57
61 61 57 70 76 75 75 70 66 46 37 38 38 33 31 29 29 31 29 36 62 66 66 71
71 71 81 81 81 87 87 100 93 81 76 62 54 36 48 45 45 48 48 54 54 58 71 76
81 81 81 81 87 87 87 87 81 81 62 58 55 52 55 48 55 63 59 63 76 82 82 87
87 87 93 93 93 93 100 100 87 71 62 71 71 67 62 51 54 54 62 66 62 71 71 70
66 70 75 75 81 81 81 75 70 66 62 50 51 47 51 47 51 50 44 57 71 76 76 81
76 81 81 81 93 87 87 87 81 62 54 51 51 41 44 36 38 38 44 47 57 57 62 71
71 76 81 81 81 81 93 87 82 76 51 44 44 42 39 39 39 38 44 44 54 66 66 71
76 76 76 81 87 87 87 81 76 66 57 57 50 47 47 51 51 54 54 71 71 71 70 66
66 66 66 66 61 65 65 65 61 61 61 57 54 50 47 47 47 50 54 66 66 76 76 76
76 76 76 81 81 81 81 70 71 66 62 47 31 27 27 26 34 45 47 44 50 62 71 66
71 66 71 71 71 71 76 76 76 66 62 54 47 51 44 44 54 57 50 50 54 62 62 66
