9 9 9 9 9 9 9 9 8 9 9 9 9 9 9 9 9 9 9 9 9 9 9 9
9 9 9 11 12 12 12 13 16 16 17 18 18 18 18 18 18 17 17 17 17 17 17 17
16 16 16 16 16 14 14 14 13 14 13 13 13 14 16 16 16 14 13 13 13 13 13 12
12 12 12 11 12 11 11 12 12 13 13 14 14 14 14 14 14 14 14 14 14 13 13 13
13 13 13 13 13 13 13 13 13 13 14 16 16 17 17 17 16 14 14 13 13 13 13 13
13 13 13 12 12 11 12 12 12 12 13 13 13 13 13 13 13 13 13 12 12 11 11 9
9 9 8 8 8 8 8 8 7 7 7 6 7 7 7 7 6 6 6 6 6 4 4 4
4 4 3 3 3 3 3 3 3 3 4 4 4 4 4 4 4 4 4 4 4 4 4 4
4 4 4 4 4 4 6 4 4 4 6 4 6 6 4 6 6 6 6 7 7 6 6 6
6 6 6 6 6 6 4 4 4 6 7 7 7 7 8 8 8 7 6 6 6 4 4 3
3 3 3 3 3 4 4 4 4 4 4 4 6 6 6 6 6 6 6 6 6 6 4 6
4 4 4 4 4 4 4 4 6 7 7 7 6 6 6 6 6 6 6 6 4 4 4 4
3 3 3 3 3 2 2 2 3 3 3 4 6 6 6 7 7 6 6 6 7 7 7 8
8 8 8 7 7 7 7 7 7 8 8 8 8 9 9 9 9 9 9 9 9 9 9 9
11 11 12 12 13 13 13 13 13 14 14 16 17 17 18 18 17 17 16 14 14 16 16 16
16 16 16 16 16 16 16 16 16 14 16 16 16 16 16 16 16 14 14 14 14 13 13 14
14 14 14 14 14 16 16 16 16 16 16 17 17 18 17 17 17 17 17 17 17 17 17 16
16 14 16 16 14 14 14 14 16 17 17 16 14 14 14 16 14 13 13 13 13 13 12 12
12 12 12 12 12 12 12 13 13 14 14 16 16 17 17 16 17 16 16 17 17 17 17 18
18 18 18 18 18 18 18 18 18 18 18 19 21 21 22 22 22 21 21 21 22 21 19 19
19 18 18 18 18 17 17 17 17 18 18 18 18 21 21 19 18 18 18 17 17 16 14 14
14 14 14 14 13 13 16 14 17 17 17 18 18 17 17 17 17 17 17 16 16 16 16 14
14 13 13 13 13 13 13 13 14 14 17 18 18 18 19 19 19 18 18 19 19 19 19 19
18 18 18 18 18 18 18 18 18 21 21 21 21 22 22 21 21 19 19 18 18 18 18 18
18 18 18 18 18 18 17 16 16 16 16 16 16 17 18 18 17 17 17 16 16 14 14 13
13 12 12 11 11 11 8 8 11 13 13 16 16 17 17 18 18 17 16 14 13 13 12 12
12 11 11 9 9 8 8 8 11 12 14 17 17 17 17 18 17 14 13 13 13 12 12 11
11 9 8 9 11 9 9 8 8 8 9 11 11 13 13 16 16 14 13 13 12 12 11 9
9 11 9 11 11 11 12 12 12 12 13 13 13 13 13 13 12 11 11 11 11 11 11 11
11 11 11 11 11 11 11 11 9 9 11 11 12 13 13 13 13 13 13 12 12 11 11 11
11 9 8 9 9 9 9 9 9 9 11 11 12 12 13 12 12 12 12 12 12 12 11 11
11 11 11 11 11 11 11 11 9 9 9 11 12 12 12 12 12 12 12 12 11 11 9 9
9 9 9 9 8 8 8 8 8 9 11 11 12 12 12 12 12 12 12 11 11 9 9 8
8 8 8 8 8 8 8 8 8 9 11 11 12 12 11 12 12 11 11 9 9 9 8 8
8 8 8 8 8 8 8 8 8 9 9 9 9 9 11 12 12 11 11 9 8 8 8 8
8 7 7 7 7 8 8 8 8 9 12 13 13 13 14 14 16 14 14 13 13 13 13 12
11 12 11 12 12 11 11 9 11 13 13 16 17 18 18 18 18 17 17 16 13 13 13 13
13 13 13 13 13 13 13 13 13 13 13 13 13 13 13 13 14 14 14 16 16 17 17 17
18 17 18 17 17 17 17 17 17 17 18 18 17 16 17 13 14 13 13 13 13 12 12 12
11 11 12 12 12 13 13 13 13 13 13 14 16 16 16 17 16 14 13 13 13 13 13 13
13 13 13 12 12 12 12 12 13 13 14 14 16 16 16 14 14 13 12 11 11 11 11 11
12 12 12 13 12 12 12 13 13 13 14 16 16 16 16 16 16 14 14 13 13 14 14 14
14 14 14 14 14 14 13 13 14 16 16 13 13 16 14 14 16 16 16 14 14 16 16 14
13 13 13 13 13 13 13 13 14 16 17 18 18 18 18 18 19 18 16 14 13 13 13 13
13 13 13 12 12 12 12 12 13 13 13 14 13 13 13 14 14 16 13 13 13 13 12 12
11 11 11 11 12 12 12 13 13 13 13 13 13 13 13 13 13 13 13 14 14 14 14 13
13 13 13 13 13 13 12 12 12 12 13 14 14 16 16 16 16 13 13 13 12 12 11 11
11 9 9 11 11 11 11 12 12 13 13 13 14 14 14 14 16 16 16 16 17 16 16 16
13 13 13 13 13 13 13 13 13 13 14 14 16 16 16 16 16 14 14 14 13 13 12 12
12 12 12 12 12 12 13 13 13 14 16 17 18 18 18 19 19 18 18 17 14 14 13 13
13 13 12 11 11 11 11 12 13 14 16 16 17 18 18 18 18 18 17 14 13 13 13 13
12 12 12 12 11 11 11 12 13 16 17 18 18 18 18 18 18 18 18 17 17 16 16 14
14 13 13 13 12 12 11 13 14 17 17 18 18 17 17 17 17 17 16 16 16 16 16 16
16 16 16 16 16 16 16 16 17 17 17 17 18 17 14 14 14 14 13 13 12 12 12 12
11 11 11 11 9 9 9 11 12 13 14 16 17 17 16 18 17 17 16 16 14 14 14 14
14 14 16 16 16 14 16 16 17 17 18 18 18 18 18 18 18 18 17 17 16 16 16
19 18 18 18 18 14 14 13 14 14 16 17 18 18 18 19 18 17 16 14 13 13 12 12
12 12 12 12 12 12 12 12 12 12 13 13 13 13 14 16 14 13 13 13 13 13 13 13
13 12 12 12 12 12 12 12 12 13 13 13 13 13 13 14 14 14 14 13 13 13 13 13
12 12 12 11 11 11 11 11 11 12 13 13 16 18 18 19 21 21 19 19 18 18 18 17
16 16 14 14 14 13 13 13 13 11 9 9 11 11 12 13 12 13 12 12 12 11 11 9
9 9 8 8 8 8 8 8 8 9 9 11 12 12 13 12 13 12 11 11 8 8 8 8
8 7 7 8 7 7 7 7 8 9 11 11 11 12 12 12 13 13 13 12 12 12 12 12
12 12 11 11 11 11 9 11 12 13 13 14 14 18 18 18 18 17 17 16 14 13 13 13
13 13 13 13 12 12 12 12 13 14 16 17 17 18 19 19 19 18 17 16 14 14 13 13
13 13 13 13 12 12 12 12 12 13 13 13 13 13 13 13 13 13 13 13 12 12 11 11
9 9 8 8 8 8 7 8 8 11 12 12 13 13 13 13 13 13 12 11 11 11 11 9
9 8 8 8 8 7 7 8 8 9 9 11 12 13 13 14 14 14 14 14 13 13 12 11
11 9 8 8 8 8 8 8 11 13 16 16 17 17 17 17 16 16 16 14 14 13 13 12
12 12 12 12 12 12 12 12 13 13 14 16 16 17 16 16 14 14 14 13 13 12 12 12
12 11 9 8 8 8 8 8 11 12 13 13 13 14 14 14 13 13 13 13 13 12 12 11
11 9 8 8 8 8 8 8 11 12 13 14 14 16 16 17 17 16 16 13 13 12 11 12
12 11 9 8 8 8 8 8 11 13 13 14 16 17 18 18 18 17 16 14 13 13 12 13
12 12 12 11 11 9 9 11 13 14 16 17 17 18 19 19 19 19 19 18 16 13 14 13
13 13 12 12 11 11 9 9 11 13 14 17 18 19 19 21 21 21 21 18 18 17 14 13
13 13 13 13 12 12 12 12 13 13 17 18 21 22 21 22 21 19 19 18 17 16 16 14
14 14 13 13 12 12 11 12 13 17 18 17 17 17 18 18 18 18 16 14 13 13 13 12
12 11 9 9 8 8 8 9 12 13 14 17 18 18 18 18 18 17 17 14 13 12 12 12
12 11 11 11 9 9 9 11 13 16 17 18 18 19 19 19 19 18 18 16 14 14 13 13
13 13 12 12 12 12 11 12 14 16 18 18 19 21 21 21 21 19 18 17 16 14 13 13
13 12 12 12 11 11 11 12 13 13 14 14 17 18 18 18 18 17 17 14 13 13 12 12
12 12 12 12 12 11 11 11 12 12 13 13 14 16 17 18 18 17 16 13 13 12 12 11
11 11 11 9 9 9 9 12 13 13 16 18 19 21 22 23 22 21 18 18 17 14 14 14
14 14 13 13 13 13 13 13 13 16 17 17 18 18 18 17 16 14 16 16 16 14 14 13
